WINDOW v7.3.4.0  DOE-2 Data File : Multi Band Calculation

Unit System : SI
Name        : DOE-2 WINDOW LIB
Desc        : 01_PVC_G12LowE
Window ID   : 15101
Tilt        : 90.0
Glazings    : 2
Frame       : 15301 01_PVC                2.760
Spacer      :  1 Class1                2.330  -0.010   0.138
Total Height: 1500.0 mm
Total Width : 1200.0 mm
Glass Height: 1392.0 mm
Glass Width : 1092.0 mm
Mullion     : None
Gap        Thick    Cond  dCond    Vis   dVis   Dens   dDens     Pr     dPr
1 Argon     12.0 0.01635  5.149  2.100  6.451  1.782 -0.0063  0.670 -0.0001 
2              0       0      0      0      0      0       0      0       0
3              0       0      0      0      0      0       0      0       0
4              0       0      0      0      0      0       0      0       0
5              0       0      0      0      0      0       0      0       0
Angle     0    10    20    30    40    50    60    70    80    90 Hemis
Tsol  0.521 0.524 0.516 0.507 0.493 0.467 0.410 0.300 0.141 0.000 0.435
Abs1  0.073 0.073 0.074 0.077 0.080 0.084 0.088 0.092 0.093 0.000 0.082
Abs2  0.129 0.131 0.139 0.144 0.145 0.148 0.156 0.157 0.107 0.000 0.143
Abs3      0     0     0     0     0     0     0     0     0     0     0
Abs4      0     0     0     0     0     0     0     0     0     0     0
Abs5      0     0     0     0     0     0     0     0     0     0     0
Abs6      0     0     0     0     0     0     0     0     0     0     0
Rfsol 0.277 0.272 0.271 0.273 0.282 0.301 0.346 0.451 0.659 1.000 0.330
Rbsol 0.278 0.273 0.271 0.273 0.283 0.301 0.337 0.420 0.608 0.999 0.322
Tvis  0.720 0.724 0.714 0.701 0.684 0.648 0.569 0.415 0.195 0.000 0.602
Rfvis 0.163 0.157 0.156 0.160 0.174 0.202 0.263 0.402 0.662 1.000 0.240
Rbvis 0.192 0.186 0.183 0.186 0.197 0.220 0.265 0.363 0.575 0.999 0.247
SHGC  0.630 0.635 0.633 0.628 0.616 0.592 0.542 0.433 0.234 0.000 0.556
SC: 0.63



Layer ID#        15001    15007        0        0        0        0 
Tir              0.000    0.000        0        0        0        0
Emis F           0.840    0.112        0        0        0        0
Emis B           0.840    0.840        0        0        0        0
Thickness(mm)      2.8      2.8        0        0        0        0
Cond(W/m2-K     )363.6    363.6        0        0        0        0    
Spectral File      FL3.AGC      LS3.AGC         None         None         None         None

Overall and Center of Glass Ig U-values (W/m2-K)
Outdoor Temperature                 -17.8 C      15.6 C      26.7 C      37.8 C
Solar      WdSpd  hcout hrout  hin
(W/m2)     (m/s)     (W/m2-K)
   0        0.00   4.00  3.30  6.84  1.29 1.29  1.30 1.30  1.34 1.34  1.41 1.41 
   0        6.71  30.84  3.21  6.90  1.54 1.54  1.47 1.47  1.51 1.51  1.59 1.59 
 783        0.00   4.00  3.48  7.01  1.29 1.29  1.30 1.30  1.34 1.34  1.41 1.41 
 783        6.71  30.84  3.25  6.56  1.54 1.54  1.47 1.47  1.51 1.51  1.59 1.59 
WINDOW v7.3.4.0  DOE-2 Data File : Multi Band Calculation

Unit System : SI
Name        : DOE-2 WINDOW LIB
Desc        : 02_PVC_A12LowE
Window ID   : 15102
Tilt        : 90.0
Glazings    : 2
Frame       : 15302 02_PVC                4.110
Spacer      :  1 Class1                2.330  -0.010   0.138
Total Height: 1500.0 mm
Total Width : 1200.0 mm
Glass Height: 1392.0 mm
Glass Width : 1092.0 mm
Mullion     : None
Gap        Thick    Cond  dCond    Vis   dVis   Dens   dDens     Pr     dPr
1 Air - EN6 12.0 0.02417  8.012  1.711  5.007  1.292 -0.0046  0.714 -0.0003 
2              0       0      0      0      0      0       0      0       0
3              0       0      0      0      0      0       0      0       0
4              0       0      0      0      0      0       0      0       0
5              0       0      0      0      0      0       0      0       0
Angle     0    10    20    30    40    50    60    70    80    90 Hemis
Tsol  0.521 0.524 0.516 0.507 0.493 0.467 0.410 0.300 0.141 0.000 0.435
Abs1  0.073 0.073 0.074 0.077 0.080 0.084 0.088 0.092 0.093 0.000 0.082
Abs2  0.129 0.131 0.139 0.144 0.145 0.148 0.156 0.157 0.107 0.000 0.143
Abs3      0     0     0     0     0     0     0     0     0     0     0
Abs4      0     0     0     0     0     0     0     0     0     0     0
Abs5      0     0     0     0     0     0     0     0     0     0     0
Abs6      0     0     0     0     0     0     0     0     0     0     0
Rfsol 0.277 0.272 0.271 0.273 0.282 0.301 0.346 0.451 0.659 1.000 0.330
Rbsol 0.278 0.273 0.271 0.273 0.283 0.301 0.337 0.420 0.608 0.999 0.322
Tvis  0.720 0.724 0.714 0.701 0.684 0.648 0.569 0.415 0.195 0.000 0.602
Rfvis 0.163 0.157 0.156 0.160 0.174 0.202 0.263 0.402 0.662 1.000 0.240
Rbvis 0.192 0.186 0.183 0.186 0.197 0.220 0.265 0.363 0.575 0.999 0.247
SHGC  0.626 0.630 0.629 0.623 0.611 0.587 0.537 0.428 0.231 0.000 0.551
SC: 0.64



Layer ID#        15001    15007        0        0        0        0 
Tir              0.000    0.000        0        0        0        0
Emis F           0.840    0.112        0        0        0        0
Emis B           0.840    0.840        0        0        0        0
Thickness(mm)      2.8      2.8        0        0        0        0
Cond(W/m2-K     )363.6    363.6        0        0        0        0    
Spectral File      FL3.AGC      LS3.AGC         None         None         None         None

Overall and Center of Glass Ig U-values (W/m2-K)
Outdoor Temperature                 -17.8 C      15.6 C      26.7 C      37.8 C
Solar      WdSpd  hcout hrout  hin
(W/m2)     (m/s)     (W/m2-K)
   0        0.00   4.00  3.33  6.89  1.51 1.51  1.55 1.55  1.59 1.59  1.68 1.68 
   0        6.71  30.84  3.21  6.96  1.83 1.83  1.79 1.79  1.84 1.84  1.94 1.94 
 783        0.00   4.00  3.51  6.84  1.51 1.51  1.55 1.55  1.59 1.59  1.68 1.68 
 783        6.71  30.84  3.26  5.84  1.83 1.83  1.79 1.79  1.84 1.84  1.94 1.94 
WINDOW v7.3.4.0  DOE-2 Data File : Multi Band Calculation

Unit System : SI
Name        : DOE-2 WINDOW LIB
Desc        : 06_ALPVC_A12LowE
Window ID   : 15103
Tilt        : 90.0
Glazings    : 2
Frame       : 15321 06_ALPVC              5.000
Spacer      :  1 Class1                2.330  -0.010   0.138
Total Height: 1500.0 mm
Total Width : 1200.0 mm
Glass Height: 1424.0 mm
Glass Width : 1124.0 mm
Mullion     : None
Gap        Thick    Cond  dCond    Vis   dVis   Dens   dDens     Pr     dPr
1 Air - EN6 12.0 0.02417  8.012  1.711  5.007  1.292 -0.0046  0.714 -0.0003 
2              0       0      0      0      0      0       0      0       0
3              0       0      0      0      0      0       0      0       0
4              0       0      0      0      0      0       0      0       0
5              0       0      0      0      0      0       0      0       0
Angle     0    10    20    30    40    50    60    70    80    90 Hemis
Tsol  0.521 0.524 0.516 0.507 0.493 0.467 0.410 0.300 0.141 0.000 0.435
Abs1  0.073 0.073 0.074 0.077 0.080 0.084 0.088 0.092 0.093 0.000 0.082
Abs2  0.129 0.131 0.139 0.144 0.145 0.148 0.156 0.157 0.107 0.000 0.143
Abs3      0     0     0     0     0     0     0     0     0     0     0
Abs4      0     0     0     0     0     0     0     0     0     0     0
Abs5      0     0     0     0     0     0     0     0     0     0     0
Abs6      0     0     0     0     0     0     0     0     0     0     0
Rfsol 0.277 0.272 0.271 0.273 0.282 0.301 0.346 0.451 0.659 1.000 0.330
Rbsol 0.278 0.273 0.271 0.273 0.283 0.301 0.337 0.420 0.608 0.999 0.322
Tvis  0.720 0.724 0.714 0.701 0.684 0.648 0.569 0.415 0.195 0.000 0.602
Rfvis 0.163 0.157 0.156 0.160 0.174 0.202 0.263 0.402 0.662 1.000 0.240
Rbvis 0.192 0.186 0.183 0.186 0.197 0.220 0.265 0.363 0.575 0.999 0.247
SHGC  0.626 0.630 0.629 0.623 0.611 0.587 0.537 0.428 0.231 0.000 0.551
SC: 0.67



Layer ID#        15001    15007        0        0        0        0 
Tir              0.000    0.000        0        0        0        0
Emis F           0.840    0.112        0        0        0        0
Emis B           0.840    0.840        0        0        0        0
Thickness(mm)      2.8      2.8        0        0        0        0
Cond(W/m2-K     )363.6    363.6        0        0        0        0    
Spectral File      FL3.AGC      LS3.AGC         None         None         None         None

Overall and Center of Glass Ig U-values (W/m2-K)
Outdoor Temperature                 -17.8 C      15.6 C      26.7 C      37.8 C
Solar      WdSpd  hcout hrout  hin
(W/m2)     (m/s)     (W/m2-K)
   0        0.00   4.00  3.33  6.89  1.51 1.51  1.55 1.55  1.59 1.59  1.68 1.68 
   0        6.71  30.84  3.21  6.96  1.83 1.83  1.79 1.79  1.84 1.84  1.94 1.94 
 783        0.00   4.00  3.51  6.84  1.51 1.51  1.55 1.55  1.59 1.59  1.68 1.68 
 783        6.71  30.84  3.26  5.84  1.83 1.83  1.79 1.79  1.84 1.84  1.94 1.94 
WINDOW v7.3.4.0  DOE-2 Data File : Multi Band Calculation

Unit System : SI
Name        : DOE-2 WINDOW LIB
Desc        : 03_PVC_TripleA12
Window ID   : 15104
Tilt        : 90.0
Glazings    : 3
Frame       : 15303 03_PVC                4.310
Spacer      :  1 Class1                2.330  -0.010   0.138
Total Height: 1500.0 mm
Total Width : 1200.0 mm
Glass Height: 1392.0 mm
Glass Width : 1092.0 mm
Mullion     : None
Gap        Thick    Cond  dCond    Vis   dVis   Dens   dDens     Pr     dPr
1 Air - EN6 12.0 0.02417  8.012  1.711  5.007  1.292 -0.0046  0.714 -0.0003 
2 Air - EN6 12.0 0.02417  8.012  1.711  5.007  1.292 -0.0046  0.714 -0.0003 
3              0       0      0      0      0      0       0      0       0
4              0       0      0      0      0      0       0      0       0
5              0       0      0      0      0      0       0      0       0
Angle     0    10    20    30    40    50    60    70    80    90 Hemis
Tsol  0.651 0.650 0.647 0.640 0.623 0.585 0.505 0.354 0.144 0.000 0.540
Abs1  0.069 0.069 0.071 0.073 0.076 0.080 0.087 0.095 0.100 0.000 0.080
Abs2  0.055 0.055 0.056 0.058 0.059 0.062 0.063 0.062 0.054 0.000 0.059
Abs3  0.043 0.044 0.044 0.045 0.046 0.046 0.044 0.037 0.023 0.000 0.042
Abs4      0     0     0     0     0     0     0     0     0     0     0
Abs5      0     0     0     0     0     0     0     0     0     0     0
Abs6      0     0     0     0     0     0     0     0     0     0     0
Rfsol 0.182 0.182 0.182 0.185 0.196 0.227 0.302 0.452 0.680 1.000 0.269
Rbsol 0.181 0.182 0.182 0.185 0.196 0.227 0.302 0.452 0.680 1.000 0.269
Tvis  0.750 0.750 0.748 0.743 0.727 0.688 0.600 0.430 0.189 0.000 0.634
Rfvis 0.193 0.193 0.193 0.197 0.210 0.246 0.332 0.499 0.741 1.000 0.292
Rbvis 0.192 0.193 0.193 0.197 0.210 0.246 0.332 0.499 0.741 1.000 0.292
SHGC  0.713 0.712 0.710 0.705 0.690 0.653 0.572 0.417 0.193 0.000 0.604
SC: 0.73



Layer ID#          887      887      887        0        0        0 
Tir              0.000    0.000    0.000        0        0        0
Emis F           0.840    0.840    0.840        0        0        0
Emis B           0.840    0.840    0.840        0        0        0
Thickness(mm)      3.1      3.1      3.1        0        0        0
Cond(W/m2-K     )320.1    320.1    320.1        0        0        0    
Spectral File    CLR_3.AFG    CLR_3.AFG    CLR_3.AFG         None         None         None

Overall and Center of Glass Ig U-values (W/m2-K)
Outdoor Temperature                 -17.8 C      15.6 C      26.7 C      37.8 C
Solar      WdSpd  hcout hrout  hin
(W/m2)     (m/s)     (W/m2-K)
   0        0.00   4.00  3.33  6.89  1.52 1.52  1.64 1.64  1.71 1.71  1.82 1.82 
   0        6.71  30.84  3.21  6.95  1.79 1.79  1.92 1.92  2.00 2.00  2.13 2.13 
 783        0.00   4.00  3.52  5.95  1.52 1.52  1.64 1.64  1.71 1.71  1.82 1.82 
 783        6.71  30.84  3.26  6.61  1.79 1.79  1.92 1.92  2.00 2.00  2.13 2.13 
WINDOW v7.3.4.0  DOE-2 Data File : Multi Band Calculation

Unit System : SI
Name        : DOE-2 WINDOW LIB
Desc        : 07_ALPVC_TripleA12
Window ID   : 15105
Tilt        : 90.0
Glazings    : 3
Frame       : 15322 07_ALPVC              5.290
Spacer      :  1 Class1                2.330  -0.010   0.138
Total Height: 1500.0 mm
Total Width : 1200.0 mm
Glass Height: 1424.0 mm
Glass Width : 1124.0 mm
Mullion     : None
Gap        Thick    Cond  dCond    Vis   dVis   Dens   dDens     Pr     dPr
1 Air - EN6 12.0 0.02417  8.012  1.711  5.007  1.292 -0.0046  0.714 -0.0003 
2 Air - EN6 12.0 0.02417  8.012  1.711  5.007  1.292 -0.0046  0.714 -0.0003 
3              0       0      0      0      0      0       0      0       0
4              0       0      0      0      0      0       0      0       0
5              0       0      0      0      0      0       0      0       0
Angle     0    10    20    30    40    50    60    70    80    90 Hemis
Tsol  0.651 0.650 0.647 0.640 0.623 0.585 0.505 0.354 0.144 0.000 0.540
Abs1  0.069 0.069 0.071 0.073 0.076 0.080 0.087 0.095 0.100 0.000 0.080
Abs2  0.055 0.055 0.056 0.058 0.059 0.062 0.063 0.062 0.054 0.000 0.059
Abs3  0.043 0.044 0.044 0.045 0.046 0.046 0.044 0.037 0.023 0.000 0.042
Abs4      0     0     0     0     0     0     0     0     0     0     0
Abs5      0     0     0     0     0     0     0     0     0     0     0
Abs6      0     0     0     0     0     0     0     0     0     0     0
Rfsol 0.182 0.182 0.182 0.185 0.196 0.227 0.302 0.452 0.680 1.000 0.269
Rbsol 0.181 0.182 0.182 0.185 0.196 0.227 0.302 0.452 0.680 1.000 0.269
Tvis  0.750 0.750 0.748 0.743 0.727 0.688 0.600 0.430 0.189 0.000 0.634
Rfvis 0.193 0.193 0.193 0.197 0.210 0.246 0.332 0.499 0.741 1.000 0.292
Rbvis 0.192 0.193 0.193 0.197 0.210 0.246 0.332 0.499 0.741 1.000 0.292
SHGC  0.713 0.712 0.710 0.705 0.690 0.653 0.572 0.417 0.193 0.000 0.604
SC: 0.76



Layer ID#          887      887      887        0        0        0 
Tir              0.000    0.000    0.000        0        0        0
Emis F           0.840    0.840    0.840        0        0        0
Emis B           0.840    0.840    0.840        0        0        0
Thickness(mm)      3.1      3.1      3.1        0        0        0
Cond(W/m2-K     )320.1    320.1    320.1        0        0        0    
Spectral File    CLR_3.AFG    CLR_3.AFG    CLR_3.AFG         None         None         None

Overall and Center of Glass Ig U-values (W/m2-K)
Outdoor Temperature                 -17.8 C      15.6 C      26.7 C      37.8 C
Solar      WdSpd  hcout hrout  hin
(W/m2)     (m/s)     (W/m2-K)
   0        0.00   4.00  3.33  6.89  1.52 1.52  1.64 1.64  1.71 1.71  1.82 1.82 
   0        6.71  30.84  3.21  6.95  1.79 1.79  1.92 1.92  2.00 2.00  2.13 2.13 
 783        0.00   4.00  3.52  5.95  1.52 1.52  1.64 1.64  1.71 1.71  1.82 1.82 
 783        6.71  30.84  3.26  6.61  1.79 1.79  1.92 1.92  2.00 2.00  2.13 2.13 
WINDOW v7.3.4.0  DOE-2 Data File : Multi Band Calculation

Unit System : SI
Name        : DOE-2 WINDOW LIB
Desc        : 04_PVC_A12
Window ID   : 15107
Tilt        : 90.0
Glazings    : 2
Frame       : 15304 04_PVC                3.380
Spacer      :  1 Class1                2.330  -0.010   0.138
Total Height: 1500.0 mm
Total Width : 1200.0 mm
Glass Height: 1392.0 mm
Glass Width : 1092.0 mm
Mullion     : None
Gap        Thick    Cond  dCond    Vis   dVis   Dens   dDens     Pr     dPr
1 Air - EN6 12.0 0.02417  8.012  1.711  5.007  1.292 -0.0046  0.714 -0.0003 
2              0       0      0      0      0      0       0      0       0
3              0       0      0      0      0      0       0      0       0
4              0       0      0      0      0      0       0      0       0
5              0       0      0      0      0      0       0      0       0
Angle     0    10    20    30    40    50    60    70    80    90 Hemis
Tsol  0.745 0.745 0.742 0.736 0.723 0.691 0.621 0.475 0.230 0.000 0.643
Abs1  0.066 0.066 0.068 0.070 0.073 0.077 0.082 0.089 0.093 0.000 0.076
Abs2  0.051 0.052 0.052 0.054 0.055 0.056 0.056 0.051 0.039 0.000 0.053
Abs3      0     0     0     0     0     0     0     0     0     0     0
Abs4      0     0     0     0     0     0     0     0     0     0     0
Abs5      0     0     0     0     0     0     0     0     0     0     0
Abs6      0     0     0     0     0     0     0     0     0     0     0
Rfsol 0.137 0.137 0.138 0.140 0.149 0.176 0.241 0.385 0.637 1.000 0.218
Rbsol 0.136 0.137 0.138 0.140 0.149 0.176 0.241 0.385 0.637 1.000 0.218
Tvis  0.821 0.821 0.820 0.816 0.803 0.772 0.698 0.540 0.273 0.000 0.718
Rfvis 0.140 0.140 0.141 0.144 0.154 0.183 0.255 0.412 0.678 1.000 0.229
Rbvis 0.140 0.140 0.141 0.144 0.154 0.183 0.255 0.412 0.678 1.000 0.229
SHGC  0.787 0.786 0.785 0.780 0.768 0.738 0.668 0.520 0.269 0.000 0.687
SC: 0.79



Layer ID#          887      887        0        0        0        0 
Tir              0.000    0.000        0        0        0        0
Emis F           0.840    0.840        0        0        0        0
Emis B           0.840    0.840        0        0        0        0
Thickness(mm)      3.1      3.1        0        0        0        0
Cond(W/m2-K     )320.1    320.1        0        0        0        0    
Spectral File    CLR_3.AFG    CLR_3.AFG         None         None         None         None

Overall and Center of Glass Ig U-values (W/m2-K)
Outdoor Temperature                 -17.8 C      15.6 C      26.7 C      37.8 C
Solar      WdSpd  hcout hrout  hin
(W/m2)     (m/s)     (W/m2-K)
   0        0.00   4.00  3.39  7.01  2.14 2.14  2.27 2.27  2.35 2.35  2.52 2.52 
   0        6.71  30.84  3.23  7.08  2.74 2.74  2.84 2.84  2.92 2.92  3.16 3.16 
 783        0.00   4.00  3.52  6.77  2.14 2.14  2.27 2.27  2.35 2.35  2.52 2.52 
 783        6.71  30.84  3.27  6.99  2.74 2.74  2.84 2.84  2.92 2.92  3.16 3.16 
WINDOW v7.3.4.0  DOE-2 Data File : Multi Band Calculation

Unit System : SI
Name        : DOE-2 WINDOW LIB
Desc        : 05_PVC_A6
Window ID   : 15109
Tilt        : 90.0
Glazings    : 2
Frame       : 15305 05_PVC                4.970
Spacer      :  1 Class1                2.330  -0.010   0.138
Total Height: 1500.0 mm
Total Width : 1200.0 mm
Glass Height: 1392.0 mm
Glass Width : 1092.0 mm
Mullion     : None
Gap        Thick    Cond  dCond    Vis   dVis   Dens   dDens     Pr     dPr
1 Air - EN6  6.0 0.02417  8.012  1.711  5.007  1.292 -0.0046  0.714 -0.0003 
2              0       0      0      0      0      0       0      0       0
3              0       0      0      0      0      0       0      0       0
4              0       0      0      0      0      0       0      0       0
5              0       0      0      0      0      0       0      0       0
Angle     0    10    20    30    40    50    60    70    80    90 Hemis
Tsol  0.745 0.745 0.742 0.736 0.723 0.691 0.621 0.475 0.230 0.000 0.643
Abs1  0.066 0.066 0.068 0.070 0.073 0.077 0.082 0.089 0.093 0.000 0.076
Abs2  0.051 0.052 0.052 0.054 0.055 0.056 0.056 0.051 0.039 0.000 0.053
Abs3      0     0     0     0     0     0     0     0     0     0     0
Abs4      0     0     0     0     0     0     0     0     0     0     0
Abs5      0     0     0     0     0     0     0     0     0     0     0
Abs6      0     0     0     0     0     0     0     0     0     0     0
Rfsol 0.137 0.137 0.138 0.140 0.149 0.176 0.241 0.385 0.637 1.000 0.218
Rbsol 0.136 0.137 0.138 0.140 0.149 0.176 0.241 0.385 0.637 1.000 0.218
Tvis  0.821 0.821 0.820 0.816 0.803 0.772 0.698 0.540 0.273 0.000 0.718
Rfvis 0.140 0.140 0.141 0.144 0.154 0.183 0.255 0.412 0.678 1.000 0.229
Rbvis 0.140 0.140 0.141 0.144 0.154 0.183 0.255 0.412 0.678 1.000 0.229
SHGC  0.785 0.785 0.783 0.779 0.766 0.736 0.667 0.519 0.269 0.000 0.686
SC: 0.80



Layer ID#          887      887        0        0        0        0 
Tir              0.000    0.000        0        0        0        0
Emis F           0.840    0.840        0        0        0        0
Emis B           0.840    0.840        0        0        0        0
Thickness(mm)      3.1      3.1        0        0        0        0
Cond(W/m2-K     )320.1    320.1        0        0        0        0    
Spectral File    CLR_3.AFG    CLR_3.AFG         None         None         None         None

Overall and Center of Glass Ig U-values (W/m2-K)
Outdoor Temperature                 -17.8 C      15.6 C      26.7 C      37.8 C
Solar      WdSpd  hcout hrout  hin
(W/m2)     (m/s)     (W/m2-K)
   0        0.00   4.00  3.41  7.04  2.40 2.40  2.51 2.51  2.58 2.58  2.77 2.77 
   0        6.71  30.84  3.24  7.12  3.16 3.16  3.23 3.23  3.30 3.30  3.58 3.58 
 783        0.00   4.00  3.54  6.84  2.40 2.40  2.51 2.51  2.58 2.58  2.77 2.77 
 783        6.71  30.84  3.28  7.05  3.16 3.16  3.23 3.23  3.30 3.30  3.58 3.58 
WINDOW v7.3.4.0  DOE-2 Data File : Multi Band Calculation

Unit System : SI
Name        : DOE-2 WINDOW LIB
Desc        : 08_ALPVC_A12
Window ID   : 15111
Tilt        : 90.0
Glazings    : 2
Frame       : 15323 08_ALPVC              8.860
Spacer      :  1 Class1                2.330  -0.010   0.138
Total Height: 1500.0 mm
Total Width : 1200.0 mm
Glass Height: 1424.0 mm
Glass Width : 1124.0 mm
Mullion     : None
Gap        Thick    Cond  dCond    Vis   dVis   Dens   dDens     Pr     dPr
1 Air - EN6 12.0 0.02417  8.012  1.711  5.007  1.292 -0.0046  0.714 -0.0003 
2              0       0      0      0      0      0       0      0       0
3              0       0      0      0      0      0       0      0       0
4              0       0      0      0      0      0       0      0       0
5              0       0      0      0      0      0       0      0       0
Angle     0    10    20    30    40    50    60    70    80    90 Hemis
Tsol  0.745 0.745 0.742 0.736 0.723 0.691 0.621 0.475 0.230 0.000 0.643
Abs1  0.066 0.066 0.068 0.070 0.073 0.077 0.082 0.089 0.093 0.000 0.076
Abs2  0.051 0.052 0.052 0.054 0.055 0.056 0.056 0.051 0.039 0.000 0.053
Abs3      0     0     0     0     0     0     0     0     0     0     0
Abs4      0     0     0     0     0     0     0     0     0     0     0
Abs5      0     0     0     0     0     0     0     0     0     0     0
Abs6      0     0     0     0     0     0     0     0     0     0     0
Rfsol 0.137 0.137 0.138 0.140 0.149 0.176 0.241 0.385 0.637 1.000 0.218
Rbsol 0.136 0.137 0.138 0.140 0.149 0.176 0.241 0.385 0.637 1.000 0.218
Tvis  0.821 0.821 0.820 0.816 0.803 0.772 0.698 0.540 0.273 0.000 0.718
Rfvis 0.140 0.140 0.141 0.144 0.154 0.183 0.255 0.412 0.678 1.000 0.229
Rbvis 0.140 0.140 0.141 0.144 0.154 0.183 0.255 0.412 0.678 1.000 0.229
SHGC  0.787 0.786 0.785 0.780 0.768 0.738 0.668 0.520 0.269 0.000 0.687
SC: 0.85



Layer ID#          887      887        0        0        0        0 
Tir              0.000    0.000        0        0        0        0
Emis F           0.840    0.840        0        0        0        0
Emis B           0.840    0.840        0        0        0        0
Thickness(mm)      3.1      3.1        0        0        0        0
Cond(W/m2-K     )320.1    320.1        0        0        0        0    
Spectral File    CLR_3.AFG    CLR_3.AFG         None         None         None         None

Overall and Center of Glass Ig U-values (W/m2-K)
Outdoor Temperature                 -17.8 C      15.6 C      26.7 C      37.8 C
Solar      WdSpd  hcout hrout  hin
(W/m2)     (m/s)     (W/m2-K)
   0        0.00   4.00  3.39  7.01  2.14 2.14  2.27 2.27  2.35 2.35  2.52 2.52 
   0        6.71  30.84  3.23  7.08  2.74 2.74  2.84 2.84  2.92 2.92  3.16 3.16 
 783        0.00   4.00  3.52  6.77  2.14 2.14  2.27 2.27  2.35 2.35  2.52 2.52 
 783        6.71  30.84  3.27  6.99  2.74 2.74  2.84 2.84  2.92 2.92  3.16 3.16 
WINDOW v7.3.4.0  DOE-2 Data File : Multi Band Calculation

Unit System : SI
Name        : DOE-2 WINDOW LIB
Desc        : 13_ALw_A12
Window ID   : 15112
Tilt        : 90.0
Glazings    : 2
Frame       : 15352 13_ALw/break          8.860
Spacer      :  1 Class1                2.330  -0.010   0.138
Total Height: 1500.0 mm
Total Width : 1200.0 mm
Glass Height: 1424.0 mm
Glass Width : 1124.0 mm
Mullion     : None
Gap        Thick    Cond  dCond    Vis   dVis   Dens   dDens     Pr     dPr
1 Air - EN6 12.0 0.02417  8.012  1.711  5.007  1.292 -0.0046  0.714 -0.0003 
2              0       0      0      0      0      0       0      0       0
3              0       0      0      0      0      0       0      0       0
4              0       0      0      0      0      0       0      0       0
5              0       0      0      0      0      0       0      0       0
Angle     0    10    20    30    40    50    60    70    80    90 Hemis
Tsol  0.745 0.745 0.742 0.736 0.723 0.691 0.621 0.475 0.230 0.000 0.643
Abs1  0.066 0.066 0.068 0.070 0.073 0.077 0.082 0.089 0.093 0.000 0.076
Abs2  0.051 0.052 0.052 0.054 0.055 0.056 0.056 0.051 0.039 0.000 0.053
Abs3      0     0     0     0     0     0     0     0     0     0     0
Abs4      0     0     0     0     0     0     0     0     0     0     0
Abs5      0     0     0     0     0     0     0     0     0     0     0
Abs6      0     0     0     0     0     0     0     0     0     0     0
Rfsol 0.137 0.137 0.138 0.140 0.149 0.176 0.241 0.385 0.637 1.000 0.218
Rbsol 0.136 0.137 0.138 0.140 0.149 0.176 0.241 0.385 0.637 1.000 0.218
Tvis  0.821 0.821 0.820 0.816 0.803 0.772 0.698 0.540 0.273 0.000 0.718
Rfvis 0.140 0.140 0.141 0.144 0.154 0.183 0.255 0.412 0.678 1.000 0.229
Rbvis 0.140 0.140 0.141 0.144 0.154 0.183 0.255 0.412 0.678 1.000 0.229
SHGC  0.787 0.786 0.785 0.780 0.768 0.738 0.668 0.520 0.269 0.000 0.687
SC: 0.85



Layer ID#          887      887        0        0        0        0 
Tir              0.000    0.000        0        0        0        0
Emis F           0.840    0.840        0        0        0        0
Emis B           0.840    0.840        0        0        0        0
Thickness(mm)      3.1      3.1        0        0        0        0
Cond(W/m2-K     )320.1    320.1        0        0        0        0    
Spectral File    CLR_3.AFG    CLR_3.AFG         None         None         None         None

Overall and Center of Glass Ig U-values (W/m2-K)
Outdoor Temperature                 -17.8 C      15.6 C      26.7 C      37.8 C
Solar      WdSpd  hcout hrout  hin
(W/m2)     (m/s)     (W/m2-K)
   0        0.00   4.00  3.39  7.01  2.14 2.14  2.27 2.27  2.35 2.35  2.52 2.52 
   0        6.71  30.84  3.23  7.08  2.74 2.74  2.84 2.84  2.92 2.92  3.16 3.16 
 783        0.00   4.00  3.52  6.77  2.14 2.14  2.27 2.27  2.35 2.35  2.52 2.52 
 783        6.71  30.84  3.27  6.99  2.74 2.74  2.84 2.84  2.92 2.92  3.16 3.16 
WINDOW v7.3.4.0  DOE-2 Data File : Multi Band Calculation

Unit System : SI
Name        : DOE-2 WINDOW LIB
Desc        : 10_ALPVC_A6LowE
Window ID   : 15115
Tilt        : 90.0
Glazings    : 2
Frame       : 15324 10_ALPVC             10.660
Spacer      :  1 Class1                2.330  -0.010   0.138
Total Height: 1500.0 mm
Total Width : 1200.0 mm
Glass Height: 1424.0 mm
Glass Width : 1124.0 mm
Mullion     : None
Gap        Thick    Cond  dCond    Vis   dVis   Dens   dDens     Pr     dPr
1 Air - EN6  6.0 0.02417  8.012  1.711  5.007  1.292 -0.0046  0.714 -0.0003 
2              0       0      0      0      0      0       0      0       0
3              0       0      0      0      0      0       0      0       0
4              0       0      0      0      0      0       0      0       0
5              0       0      0      0      0      0       0      0       0
Angle     0    10    20    30    40    50    60    70    80    90 Hemis
Tsol  0.521 0.524 0.516 0.507 0.493 0.467 0.410 0.300 0.141 0.000 0.435
Abs1  0.073 0.073 0.074 0.077 0.080 0.084 0.088 0.092 0.093 0.000 0.082
Abs2  0.129 0.131 0.139 0.144 0.145 0.148 0.156 0.157 0.107 0.000 0.143
Abs3      0     0     0     0     0     0     0     0     0     0     0
Abs4      0     0     0     0     0     0     0     0     0     0     0
Abs5      0     0     0     0     0     0     0     0     0     0     0
Abs6      0     0     0     0     0     0     0     0     0     0     0
Rfsol 0.277 0.272 0.271 0.273 0.282 0.301 0.346 0.451 0.659 1.000 0.330
Rbsol 0.278 0.273 0.271 0.273 0.283 0.301 0.337 0.420 0.608 0.999 0.322
Tvis  0.720 0.724 0.714 0.701 0.684 0.648 0.569 0.415 0.195 0.000 0.602
Rfvis 0.163 0.157 0.156 0.160 0.174 0.202 0.263 0.402 0.662 1.000 0.240
Rbvis 0.192 0.186 0.183 0.186 0.197 0.220 0.265 0.363 0.575 0.999 0.247
SHGC  0.616 0.621 0.619 0.613 0.601 0.577 0.526 0.417 0.225 0.000 0.541
SC: 0.69



Layer ID#        15001    15007        0        0        0        0 
Tir              0.000    0.000        0        0        0        0
Emis F           0.840    0.112        0        0        0        0
Emis B           0.840    0.840        0        0        0        0
Thickness(mm)      2.8      2.8        0        0        0        0
Cond(W/m2-K     )363.6    363.6        0        0        0        0    
Spectral File      FL3.AGC      LS3.AGC         None         None         None         None

Overall and Center of Glass Ig U-values (W/m2-K)
Outdoor Temperature                 -17.8 C      15.6 C      26.7 C      37.8 C
Solar      WdSpd  hcout hrout  hin
(W/m2)     (m/s)     (W/m2-K)
   0        0.00   4.00  3.37  6.98  1.99 1.99  2.06 2.06  2.12 2.12  2.24 2.24 
   0        6.71  30.84  3.23  7.06  2.50 2.50  2.53 2.53  2.57 2.57  2.73 2.73 
 783        0.00   4.00  3.56  6.25  1.99 1.99  2.06 2.06  2.12 2.12  2.24 2.24 
 783        6.71  30.84  3.28  6.64  2.50 2.50  2.53 2.53  2.57 2.57  2.73 2.73 
WINDOW v7.3.4.0  DOE-2 Data File : Multi Band Calculation

Unit System : SI
Name        : DOE-2 WINDOW LIB
Desc        : 15_ALw_A6LowE
Window ID   : 15116
Tilt        : 90.0
Glazings    : 2
Frame       : 15353 15_ALw/break         10.660
Spacer      :  1 Class1                2.330  -0.010   0.138
Total Height: 1500.0 mm
Total Width : 1200.0 mm
Glass Height: 1424.0 mm
Glass Width : 1124.0 mm
Mullion     : None
Gap        Thick    Cond  dCond    Vis   dVis   Dens   dDens     Pr     dPr
1 Air - EN6  6.0 0.02417  8.012  1.711  5.007  1.292 -0.0046  0.714 -0.0003 
2              0       0      0      0      0      0       0      0       0
3              0       0      0      0      0      0       0      0       0
4              0       0      0      0      0      0       0      0       0
5              0       0      0      0      0      0       0      0       0
Angle     0    10    20    30    40    50    60    70    80    90 Hemis
Tsol  0.521 0.524 0.516 0.507 0.493 0.467 0.410 0.300 0.141 0.000 0.435
Abs1  0.073 0.073 0.074 0.077 0.080 0.084 0.088 0.092 0.093 0.000 0.082
Abs2  0.129 0.131 0.139 0.144 0.145 0.148 0.156 0.157 0.107 0.000 0.143
Abs3      0     0     0     0     0     0     0     0     0     0     0
Abs4      0     0     0     0     0     0     0     0     0     0     0
Abs5      0     0     0     0     0     0     0     0     0     0     0
Abs6      0     0     0     0     0     0     0     0     0     0     0
Rfsol 0.277 0.272 0.271 0.273 0.282 0.301 0.346 0.451 0.659 1.000 0.330
Rbsol 0.278 0.273 0.271 0.273 0.283 0.301 0.337 0.420 0.608 0.999 0.322
Tvis  0.720 0.724 0.714 0.701 0.684 0.648 0.569 0.415 0.195 0.000 0.602
Rfvis 0.163 0.157 0.156 0.160 0.174 0.202 0.263 0.402 0.662 1.000 0.240
Rbvis 0.192 0.186 0.183 0.186 0.197 0.220 0.265 0.363 0.575 0.999 0.247
SHGC  0.616 0.621 0.619 0.613 0.601 0.577 0.526 0.417 0.225 0.000 0.541
SC: 0.69



Layer ID#        15001    15007        0        0        0        0 
Tir              0.000    0.000        0        0        0        0
Emis F           0.840    0.112        0        0        0        0
Emis B           0.840    0.840        0        0        0        0
Thickness(mm)      2.8      2.8        0        0        0        0
Cond(W/m2-K     )363.6    363.6        0        0        0        0    
Spectral File      FL3.AGC      LS3.AGC         None         None         None         None

Overall and Center of Glass Ig U-values (W/m2-K)
Outdoor Temperature                 -17.8 C      15.6 C      26.7 C      37.8 C
Solar      WdSpd  hcout hrout  hin
(W/m2)     (m/s)     (W/m2-K)
   0        0.00   4.00  3.37  6.98  1.99 1.99  2.06 2.06  2.12 2.12  2.24 2.24 
   0        6.71  30.84  3.23  7.06  2.50 2.50  2.53 2.53  2.57 2.57  2.73 2.73 
 783        0.00   4.00  3.56  6.25  1.99 1.99  2.06 2.06  2.12 2.12  2.24 2.24 
 783        6.71  30.84  3.28  6.64  2.50 2.50  2.53 2.53  2.57 2.57  2.73 2.73 
WINDOW v7.3.4.0  DOE-2 Data File : Multi Band Calculation

Unit System : SI
Name        : DOE-2 WINDOW LIB
Desc        : 11_ALPVC_A6
Window ID   : 15117
Tilt        : 90.0
Glazings    : 2
Frame       : 15325 11_ALPVC             10.940
Spacer      :  1 Class1                2.330  -0.010   0.138
Total Height: 1500.0 mm
Total Width : 1200.0 mm
Glass Height: 1424.0 mm
Glass Width : 1124.0 mm
Mullion     : None
Gap        Thick    Cond  dCond    Vis   dVis   Dens   dDens     Pr     dPr
1 Air - EN6  6.0 0.02417  8.012  1.711  5.007  1.292 -0.0046  0.714 -0.0003 
2              0       0      0      0      0      0       0      0       0
3              0       0      0      0      0      0       0      0       0
4              0       0      0      0      0      0       0      0       0
5              0       0      0      0      0      0       0      0       0
Angle     0    10    20    30    40    50    60    70    80    90 Hemis
Tsol  0.745 0.745 0.742 0.736 0.723 0.691 0.621 0.475 0.230 0.000 0.643
Abs1  0.066 0.066 0.068 0.070 0.073 0.077 0.082 0.089 0.093 0.000 0.076
Abs2  0.051 0.052 0.052 0.054 0.055 0.056 0.056 0.051 0.039 0.000 0.053
Abs3      0     0     0     0     0     0     0     0     0     0     0
Abs4      0     0     0     0     0     0     0     0     0     0     0
Abs5      0     0     0     0     0     0     0     0     0     0     0
Abs6      0     0     0     0     0     0     0     0     0     0     0
Rfsol 0.137 0.137 0.138 0.140 0.149 0.176 0.241 0.385 0.637 1.000 0.218
Rbsol 0.136 0.137 0.138 0.140 0.149 0.176 0.241 0.385 0.637 1.000 0.218
Tvis  0.821 0.821 0.820 0.816 0.803 0.772 0.698 0.540 0.273 0.000 0.718
Rfvis 0.140 0.140 0.141 0.144 0.154 0.183 0.255 0.412 0.678 1.000 0.229
Rbvis 0.140 0.140 0.141 0.144 0.154 0.183 0.255 0.412 0.678 1.000 0.229
SHGC  0.785 0.785 0.783 0.779 0.766 0.736 0.667 0.519 0.269 0.000 0.686
SC: 0.86



Layer ID#          887      887        0        0        0        0 
Tir              0.000    0.000        0        0        0        0
Emis F           0.840    0.840        0        0        0        0
Emis B           0.840    0.840        0        0        0        0
Thickness(mm)      3.1      3.1        0        0        0        0
Cond(W/m2-K     )320.1    320.1        0        0        0        0    
Spectral File    CLR_3.AFG    CLR_3.AFG         None         None         None         None

Overall and Center of Glass Ig U-values (W/m2-K)
Outdoor Temperature                 -17.8 C      15.6 C      26.7 C      37.8 C
Solar      WdSpd  hcout hrout  hin
(W/m2)     (m/s)     (W/m2-K)
   0        0.00   4.00  3.41  7.04  2.40 2.40  2.51 2.51  2.58 2.58  2.77 2.77 
   0        6.71  30.84  3.24  7.12  3.16 3.16  3.23 3.23  3.30 3.30  3.58 3.58 
 783        0.00   4.00  3.54  6.84  2.40 2.40  2.51 2.51  2.58 2.58  2.77 2.77 
 783        6.71  30.84  3.28  7.05  3.16 3.16  3.23 3.23  3.30 3.30  3.58 3.58 
WINDOW v7.3.4.0  DOE-2 Data File : Multi Band Calculation

Unit System : SI
Name        : DOE-2 WINDOW LIB
Desc        : 16_ALw_A6
Window ID   : 15118
Tilt        : 90.0
Glazings    : 2
Frame       : 15354 16_ALw/break         10.940
Spacer      :  1 Class1                2.330  -0.010   0.138
Total Height: 1500.0 mm
Total Width : 1200.0 mm
Glass Height: 1424.0 mm
Glass Width : 1124.0 mm
Mullion     : None
Gap        Thick    Cond  dCond    Vis   dVis   Dens   dDens     Pr     dPr
1 Air - EN6  6.0 0.02417  8.012  1.711  5.007  1.292 -0.0046  0.714 -0.0003 
2              0       0      0      0      0      0       0      0       0
3              0       0      0      0      0      0       0      0       0
4              0       0      0      0      0      0       0      0       0
5              0       0      0      0      0      0       0      0       0
Angle     0    10    20    30    40    50    60    70    80    90 Hemis
Tsol  0.745 0.745 0.742 0.736 0.723 0.691 0.621 0.475 0.230 0.000 0.643
Abs1  0.066 0.066 0.068 0.070 0.073 0.077 0.082 0.089 0.093 0.000 0.076
Abs2  0.051 0.052 0.052 0.054 0.055 0.056 0.056 0.051 0.039 0.000 0.053
Abs3      0     0     0     0     0     0     0     0     0     0     0
Abs4      0     0     0     0     0     0     0     0     0     0     0
Abs5      0     0     0     0     0     0     0     0     0     0     0
Abs6      0     0     0     0     0     0     0     0     0     0     0
Rfsol 0.137 0.137 0.138 0.140 0.149 0.176 0.241 0.385 0.637 1.000 0.218
Rbsol 0.136 0.137 0.138 0.140 0.149 0.176 0.241 0.385 0.637 1.000 0.218
Tvis  0.821 0.821 0.820 0.816 0.803 0.772 0.698 0.540 0.273 0.000 0.718
Rfvis 0.140 0.140 0.141 0.144 0.154 0.183 0.255 0.412 0.678 1.000 0.229
Rbvis 0.140 0.140 0.141 0.144 0.154 0.183 0.255 0.412 0.678 1.000 0.229
SHGC  0.785 0.785 0.783 0.779 0.766 0.736 0.667 0.519 0.269 0.000 0.686
SC: 0.86



Layer ID#          887      887        0        0        0        0 
Tir              0.000    0.000        0        0        0        0
Emis F           0.840    0.840        0        0        0        0
Emis B           0.840    0.840        0        0        0        0
Thickness(mm)      3.1      3.1        0        0        0        0
Cond(W/m2-K     )320.1    320.1        0        0        0        0    
Spectral File    CLR_3.AFG    CLR_3.AFG         None         None         None         None

Overall and Center of Glass Ig U-values (W/m2-K)
Outdoor Temperature                 -17.8 C      15.6 C      26.7 C      37.8 C
Solar      WdSpd  hcout hrout  hin
(W/m2)     (m/s)     (W/m2-K)
   0        0.00   4.00  3.41  7.04  2.40 2.40  2.51 2.51  2.58 2.58  2.77 2.77 
   0        6.71  30.84  3.24  7.12  3.16 3.16  3.23 3.23  3.30 3.30  3.58 3.58 
 783        0.00   4.00  3.54  6.84  2.40 2.40  2.51 2.51  2.58 2.58  2.77 2.77 
 783        6.71  30.84  3.28  7.05  3.16 3.16  3.23 3.23  3.30 3.30  3.58 3.58 
WINDOW v7.3.4.0  DOE-2 Data File : Multi Band Calculation

Unit System : SI
Name        : DOE-2 WINDOW LIB
Desc        : 12_ALw_A12LowE
Window ID   : 15119
Tilt        : 90.0
Glazings    : 2
Frame       : 15351 12_ALw/break         10.230
Spacer      :  1 Class1                2.330  -0.010   0.138
Total Height: 1500.0 mm
Total Width : 1200.0 mm
Glass Height: 1424.0 mm
Glass Width : 1124.0 mm
Mullion     : None
Gap        Thick    Cond  dCond    Vis   dVis   Dens   dDens     Pr     dPr
1 Air - EN6 12.0 0.02417  8.012  1.711  5.007  1.292 -0.0046  0.714 -0.0003 
2              0       0      0      0      0      0       0      0       0
3              0       0      0      0      0      0       0      0       0
4              0       0      0      0      0      0       0      0       0
5              0       0      0      0      0      0       0      0       0
Angle     0    10    20    30    40    50    60    70    80    90 Hemis
Tsol  0.521 0.524 0.516 0.507 0.493 0.467 0.410 0.300 0.141 0.000 0.435
Abs1  0.073 0.073 0.074 0.077 0.080 0.084 0.088 0.092 0.093 0.000 0.082
Abs2  0.129 0.131 0.139 0.144 0.145 0.148 0.156 0.157 0.107 0.000 0.143
Abs3      0     0     0     0     0     0     0     0     0     0     0
Abs4      0     0     0     0     0     0     0     0     0     0     0
Abs5      0     0     0     0     0     0     0     0     0     0     0
Abs6      0     0     0     0     0     0     0     0     0     0     0
Rfsol 0.277 0.272 0.271 0.273 0.282 0.301 0.346 0.451 0.659 1.000 0.330
Rbsol 0.278 0.273 0.271 0.273 0.283 0.301 0.337 0.420 0.608 0.999 0.322
Tvis  0.720 0.724 0.714 0.701 0.684 0.648 0.569 0.415 0.195 0.000 0.602
Rfvis 0.163 0.157 0.156 0.160 0.174 0.202 0.263 0.402 0.662 1.000 0.240
Rbvis 0.192 0.186 0.183 0.186 0.197 0.220 0.265 0.363 0.575 0.999 0.247
SHGC  0.626 0.630 0.629 0.623 0.611 0.587 0.537 0.428 0.231 0.000 0.551
SC: 0.70



Layer ID#        15001    15007        0        0        0        0 
Tir              0.000    0.000        0        0        0        0
Emis F           0.840    0.112        0        0        0        0
Emis B           0.840    0.840        0        0        0        0
Thickness(mm)      2.8      2.8        0        0        0        0
Cond(W/m2-K     )363.6    363.6        0        0        0        0    
Spectral File      FL3.AGC      LS3.AGC         None         None         None         None

Overall and Center of Glass Ig U-values (W/m2-K)
Outdoor Temperature                 -17.8 C      15.6 C      26.7 C      37.8 C
Solar      WdSpd  hcout hrout  hin
(W/m2)     (m/s)     (W/m2-K)
   0        0.00   4.00  3.33  6.89  1.51 1.51  1.55 1.55  1.59 1.59  1.68 1.68 
   0        6.71  30.84  3.21  6.96  1.83 1.83  1.79 1.79  1.84 1.84  1.94 1.94 
 783        0.00   4.00  3.51  6.84  1.51 1.51  1.55 1.55  1.59 1.59  1.68 1.68 
 783        6.71  30.84  3.26  5.84  1.83 1.83  1.79 1.79  1.84 1.84  1.94 1.94 
WINDOW v7.3.4.0  DOE-2 Data File : Multi Band Calculation

Unit System : SI
Name        : DOE-2 WINDOW LIB
Desc        : 17_AL_A12
Window ID   : 15120
Tilt        : 90.0
Glazings    : 2
Frame       : 15371 17_AL                14.090
Spacer      :  1 Class1                2.330  -0.010   0.138
Total Height: 1500.0 mm
Total Width : 1200.0 mm
Glass Height: 1424.0 mm
Glass Width : 1124.0 mm
Mullion     : None
Gap        Thick    Cond  dCond    Vis   dVis   Dens   dDens     Pr     dPr
1 Air - EN6 12.0 0.02417  8.012  1.711  5.007  1.292 -0.0046  0.714 -0.0003 
2              0       0      0      0      0      0       0      0       0
3              0       0      0      0      0      0       0      0       0
4              0       0      0      0      0      0       0      0       0
5              0       0      0      0      0      0       0      0       0
Angle     0    10    20    30    40    50    60    70    80    90 Hemis
Tsol  0.745 0.745 0.742 0.736 0.723 0.691 0.621 0.475 0.230 0.000 0.643
Abs1  0.066 0.066 0.068 0.070 0.073 0.077 0.082 0.089 0.093 0.000 0.076
Abs2  0.051 0.052 0.052 0.054 0.055 0.056 0.056 0.051 0.039 0.000 0.053
Abs3      0     0     0     0     0     0     0     0     0     0     0
Abs4      0     0     0     0     0     0     0     0     0     0     0
Abs5      0     0     0     0     0     0     0     0     0     0     0
Abs6      0     0     0     0     0     0     0     0     0     0     0
Rfsol 0.137 0.137 0.138 0.140 0.149 0.176 0.241 0.385 0.637 1.000 0.218
Rbsol 0.136 0.137 0.138 0.140 0.149 0.176 0.241 0.385 0.637 1.000 0.218
Tvis  0.821 0.821 0.820 0.816 0.803 0.772 0.698 0.540 0.273 0.000 0.718
Rfvis 0.140 0.140 0.141 0.144 0.154 0.183 0.255 0.412 0.678 1.000 0.229
Rbvis 0.140 0.140 0.141 0.144 0.154 0.183 0.255 0.412 0.678 1.000 0.229
SHGC  0.787 0.786 0.785 0.780 0.768 0.738 0.668 0.520 0.269 0.000 0.687
SC: 0.88



Layer ID#          887      887        0        0        0        0 
Tir              0.000    0.000        0        0        0        0
Emis F           0.840    0.840        0        0        0        0
Emis B           0.840    0.840        0        0        0        0
Thickness(mm)      3.1      3.1        0        0        0        0
Cond(W/m2-K     )320.1    320.1        0        0        0        0    
Spectral File    CLR_3.AFG    CLR_3.AFG         None         None         None         None

Overall and Center of Glass Ig U-values (W/m2-K)
Outdoor Temperature                 -17.8 C      15.6 C      26.7 C      37.8 C
Solar      WdSpd  hcout hrout  hin
(W/m2)     (m/s)     (W/m2-K)
   0        0.00   4.00  3.39  7.01  2.14 2.14  2.27 2.27  2.35 2.35  2.52 2.52 
   0        6.71  30.84  3.23  7.08  2.74 2.74  2.84 2.84  2.92 2.92  3.16 3.16 
 783        0.00   4.00  3.52  6.77  2.14 2.14  2.27 2.27  2.35 2.35  2.52 2.52 
 783        6.71  30.84  3.27  6.99  2.74 2.74  2.84 2.84  2.92 2.92  3.16 3.16 
WINDOW v7.3.4.0  DOE-2 Data File : Multi Band Calculation

Unit System : SI
Name        : DOE-2 WINDOW LIB
Desc        : 19_AL_A6LowE
Window ID   : 15122
Tilt        : 90.0
Glazings    : 2
Frame       : 15372 19_AL                15.890
Spacer      :  1 Class1                2.330  -0.010   0.138
Total Height: 1500.0 mm
Total Width : 1200.0 mm
Glass Height: 1424.0 mm
Glass Width : 1124.0 mm
Mullion     : None
Gap        Thick    Cond  dCond    Vis   dVis   Dens   dDens     Pr     dPr
1 Air - EN6  6.0 0.02417  8.012  1.711  5.007  1.292 -0.0046  0.714 -0.0003 
2              0       0      0      0      0      0       0      0       0
3              0       0      0      0      0      0       0      0       0
4              0       0      0      0      0      0       0      0       0
5              0       0      0      0      0      0       0      0       0
Angle     0    10    20    30    40    50    60    70    80    90 Hemis
Tsol  0.521 0.524 0.516 0.507 0.493 0.467 0.410 0.300 0.141 0.000 0.435
Abs1  0.073 0.073 0.074 0.077 0.080 0.084 0.088 0.092 0.093 0.000 0.082
Abs2  0.129 0.131 0.139 0.144 0.145 0.148 0.156 0.157 0.107 0.000 0.143
Abs3      0     0     0     0     0     0     0     0     0     0     0
Abs4      0     0     0     0     0     0     0     0     0     0     0
Abs5      0     0     0     0     0     0     0     0     0     0     0
Abs6      0     0     0     0     0     0     0     0     0     0     0
Rfsol 0.277 0.272 0.271 0.273 0.282 0.301 0.346 0.451 0.659 1.000 0.330
Rbsol 0.278 0.273 0.271 0.273 0.283 0.301 0.337 0.420 0.608 0.999 0.322
Tvis  0.720 0.724 0.714 0.701 0.684 0.648 0.569 0.415 0.195 0.000 0.602
Rfvis 0.163 0.157 0.156 0.160 0.174 0.202 0.263 0.402 0.662 1.000 0.240
Rbvis 0.192 0.186 0.183 0.186 0.197 0.220 0.265 0.363 0.575 0.999 0.247
SHGC  0.616 0.621 0.619 0.613 0.601 0.577 0.526 0.417 0.225 0.000 0.541
SC: 0.72



Layer ID#        15001    15007        0        0        0        0 
Tir              0.000    0.000        0        0        0        0
Emis F           0.840    0.112        0        0        0        0
Emis B           0.840    0.840        0        0        0        0
Thickness(mm)      2.8      2.8        0        0        0        0
Cond(W/m2-K     )363.6    363.6        0        0        0        0    
Spectral File      FL3.AGC      LS3.AGC         None         None         None         None

Overall and Center of Glass Ig U-values (W/m2-K)
Outdoor Temperature                 -17.8 C      15.6 C      26.7 C      37.8 C
Solar      WdSpd  hcout hrout  hin
(W/m2)     (m/s)     (W/m2-K)
   0        0.00   4.00  3.37  6.98  1.99 1.99  2.06 2.06  2.12 2.12  2.24 2.24 
   0        6.71  30.84  3.23  7.06  2.50 2.50  2.53 2.53  2.57 2.57  2.73 2.73 
 783        0.00   4.00  3.56  6.25  1.99 1.99  2.06 2.06  2.12 2.12  2.24 2.24 
 783        6.71  30.84  3.28  6.64  2.50 2.50  2.53 2.53  2.57 2.57  2.73 2.73 
WINDOW v7.3.4.0  DOE-2 Data File : Multi Band Calculation

Unit System : SI
Name        : DOE-2 WINDOW LIB
Desc        : 20_AL_A6
Window ID   : 15123
Tilt        : 90.0
Glazings    : 2
Frame       : 15373 20_AL                16.170
Spacer      :  1 Class1                2.330  -0.010   0.138
Total Height: 1500.0 mm
Total Width : 1200.0 mm
Glass Height: 1424.0 mm
Glass Width : 1124.0 mm
Mullion     : None
Gap        Thick    Cond  dCond    Vis   dVis   Dens   dDens     Pr     dPr
1 Air - EN6  6.0 0.02417  8.012  1.711  5.007  1.292 -0.0046  0.714 -0.0003 
2              0       0      0      0      0      0       0      0       0
3              0       0      0      0      0      0       0      0       0
4              0       0      0      0      0      0       0      0       0
5              0       0      0      0      0      0       0      0       0
Angle     0    10    20    30    40    50    60    70    80    90 Hemis
Tsol  0.745 0.745 0.742 0.736 0.723 0.691 0.621 0.475 0.230 0.000 0.643
Abs1  0.066 0.066 0.068 0.070 0.073 0.077 0.082 0.089 0.093 0.000 0.076
Abs2  0.051 0.052 0.052 0.054 0.055 0.056 0.056 0.051 0.039 0.000 0.053
Abs3      0     0     0     0     0     0     0     0     0     0     0
Abs4      0     0     0     0     0     0     0     0     0     0     0
Abs5      0     0     0     0     0     0     0     0     0     0     0
Abs6      0     0     0     0     0     0     0     0     0     0     0
Rfsol 0.137 0.137 0.138 0.140 0.149 0.176 0.241 0.385 0.637 1.000 0.218
Rbsol 0.136 0.137 0.138 0.140 0.149 0.176 0.241 0.385 0.637 1.000 0.218
Tvis  0.821 0.821 0.820 0.816 0.803 0.772 0.698 0.540 0.273 0.000 0.718
Rfvis 0.140 0.140 0.141 0.144 0.154 0.183 0.255 0.412 0.678 1.000 0.229
Rbvis 0.140 0.140 0.141 0.144 0.154 0.183 0.255 0.412 0.678 1.000 0.229
SHGC  0.785 0.785 0.783 0.779 0.766 0.736 0.667 0.519 0.269 0.000 0.686
SC: 0.89



Layer ID#          887      887        0        0        0        0 
Tir              0.000    0.000        0        0        0        0
Emis F           0.840    0.840        0        0        0        0
Emis B           0.840    0.840        0        0        0        0
Thickness(mm)      3.1      3.1        0        0        0        0
Cond(W/m2-K     )320.1    320.1        0        0        0        0    
Spectral File    CLR_3.AFG    CLR_3.AFG         None         None         None         None

Overall and Center of Glass Ig U-values (W/m2-K)
Outdoor Temperature                 -17.8 C      15.6 C      26.7 C      37.8 C
Solar      WdSpd  hcout hrout  hin
(W/m2)     (m/s)     (W/m2-K)
   0        0.00   4.00  3.41  7.04  2.40 2.40  2.51 2.51  2.58 2.58  2.77 2.77 
   0        6.71  30.84  3.24  7.12  3.16 3.16  3.23 3.23  3.30 3.30  3.58 3.58 
 783        0.00   4.00  3.54  6.84  2.40 2.40  2.51 2.51  2.58 2.58  2.77 2.77 
 783        6.71  30.84  3.28  7.05  3.16 3.16  3.23 3.23  3.30 3.30  3.58 3.58 
WINDOW v7.3.4.0  DOE-2 Data File : Multi Band Calculation

Unit System : SI
Name        : DOE-2 WINDOW LIB
Desc        : 22_AL_FL3
Window ID   : 15126
Tilt        : 90.0
Glazings    : 1
Frame       : 15374 22_AL                12.760
Spacer      :  1 Class1                2.330  -0.010   0.138
Total Height: 1500.0 mm
Total Width : 1200.0 mm
Glass Height: 1424.0 mm
Glass Width : 1124.0 mm
Mullion     : None
Gap        Thick    Cond  dCond    Vis   dVis   Dens   dDens     Pr     dPr
1              0       0      0      0      0      0       0      0       0
2              0       0      0      0      0      0       0      0       0
3              0       0      0      0      0      0       0      0       0
4              0       0      0      0      0      0       0      0       0
5              0       0      0      0      0      0       0      0       0
Angle     0    10    20    30    40    50    60    70    80    90 Hemis
Tsol  0.867 0.866 0.865 0.862 0.853 0.833 0.785 0.670 0.413 0.000 0.787
Abs1  0.057 0.057 0.058 0.060 0.063 0.065 0.068 0.070 0.069 0.000 0.063
Abs2      0     0     0     0     0     0     0     0     0     0     0
Abs3      0     0     0     0     0     0     0     0     0     0     0
Abs4      0     0     0     0     0     0     0     0     0     0     0
Abs5      0     0     0     0     0     0     0     0     0     0     0
Abs6      0     0     0     0     0     0     0     0     0     0     0
Rfsol 0.076 0.076 0.077 0.078 0.084 0.102 0.147 0.260 0.518 1.000 0.139
Rbsol 0.076 0.076 0.077 0.078 0.084 0.102 0.147 0.260 0.518 1.000 0.139
Tvis  0.904 0.904 0.903 0.901 0.894 0.875 0.827 0.709 0.444 0.000 0.826
Rfvis 0.081 0.081 0.082 0.084 0.090 0.108 0.155 0.272 0.537 1.000 0.147
Rbvis 0.081 0.081 0.082 0.084 0.090 0.108 0.155 0.272 0.537 1.000 0.147
SHGC  0.883 0.883 0.882 0.879 0.871 0.852 0.804 0.690 0.433 0.000 0.805
SC: 0.97



Layer ID#        15001        0        0        0        0        0 
Tir              0.000        0        0        0        0        0
Emis F           0.840        0        0        0        0        0
Emis B           0.840        0        0        0        0        0
Thickness(mm)      2.8        0        0        0        0        0
Cond(W/m2-K     )363.6        0        0        0        0        0    
Spectral File      FL3.AGC         None         None         None         None         None

Overall and Center of Glass Ig U-values (W/m2-K)
Outdoor Temperature                 -17.8 C      15.6 C      26.7 C      37.8 C
Solar      WdSpd  hcout hrout  hin
(W/m2)     (m/s)     (W/m2-K)
   0        0.00   4.00  3.54  7.16  3.64 3.64  3.68 3.68  3.75 3.75  4.11 4.11 
   0        6.71  30.84  3.30  7.26  5.89 5.89  5.52 5.52  5.53 5.53  6.23 6.23 
 783        0.00   4.00  3.60  7.12  3.64 3.64  3.68 3.68  3.75 3.75  4.11 4.11 
 783        6.71  30.84  3.32  7.25  5.89 5.89  5.52 5.52  5.53 5.53  6.23 6.23 
